7119051978_this,32,32,
####################################
0,1,1,0,0,false,
0,2,1,64,0,false,
0,3,1,128,0,false,
0,4,1,192,0,false,
0,5,1,256,0,false,
0,6,1,320,0,false,
0,7,1,384,0,false,
0,8,1,448,0,false,
0,9,1,512,0,false,
0,10,1,576,0,false,
0,11,1,640,0,false,
0,12,1,704,0,false,
0,13,1,768,0,false,
0,14,1,832,0,false,
0,15,1,896,0,false,
0,16,1,960,0,false,
0,17,1,1024,0,false,
0,18,1,1088,0,false,
0,19,1,1152,0,false,
0,20,1,1216,0,false,
0,21,1,1280,0,false,
0,22,1,1344,0,false,
0,23,1,1408,0,false,
0,24,1,1472,0,false,
0,25,1,1536,0,false,
0,26,1,1600,0,false,
0,27,1,1664,0,false,
0,28,1,1728,0,false,
0,29,1,1792,0,false,
0,30,1,1856,0,false,
0,31,1,1920,0,false,
0,32,1,1984,0,false,
0,1,2,0,64,false,
1,2,2,64,64,false,
1,3,2,128,64,false,
1,4,2,192,64,false,
1,5,2,256,64,false,
1,6,2,320,64,false,
1,7,2,384,64,false,
1,8,2,448,64,false,
0,9,2,512,64,false,
1,10,2,576,64,true,
1,11,2,640,64,false,
1,12,2,704,64,false,
1,13,2,768,64,false,
1,14,2,832,64,false,
1,15,2,896,64,false,
1,16,2,960,64,false,
1,17,2,1024,64,false,
1,18,2,1088,64,false,
1,19,2,1152,64,false,
1,20,2,1216,64,false,
0,21,2,1280,64,false,
1,22,2,1344,64,false,
1,23,2,1408,64,false,
1,24,2,1472,64,false,
1,25,2,1536,64,false,
1,26,2,1600,64,false,
0,27,2,1664,64,false,
1,28,2,1728,64,false,
1,29,2,1792,64,false,
1,30,2,1856,64,false,
1,31,2,1920,64,false,
0,32,2,1984,64,false,
0,1,3,0,128,false,
0,2,3,64,128,false,
0,3,3,128,128,false,
0,4,3,192,128,false,
0,5,3,256,128,false,
0,6,3,320,128,false,
0,7,3,384,128,false,
1,8,3,448,128,false,
0,9,3,512,128,false,
1,10,3,576,128,false,
0,11,3,640,128,false,
0,12,3,704,128,false,
0,13,3,768,128,false,
1,14,3,832,128,false,
0,15,3,896,128,false,
0,16,3,960,128,false,
0,17,3,1024,128,false,
0,18,3,1088,128,false,
0,19,3,1152,128,false,
1,20,3,1216,128,false,
0,21,3,1280,128,false,
1,22,3,1344,128,false,
0,23,3,1408,128,false,
1,24,3,1472,128,false,
1,25,3,1536,128,false,
1,26,3,1600,128,false,
0,27,3,1664,128,false,
1,28,3,1728,128,false,
1,29,3,1792,128,false,
1,30,3,1856,128,false,
1,31,3,1920,128,true,
0,32,3,1984,128,false,
0,1,4,0,192,false,
1,2,4,64,192,false,
1,3,4,128,192,false,
1,4,4,192,192,false,
1,5,4,256,192,false,
1,6,4,320,192,false,
0,7,4,384,192,false,
1,8,4,448,192,false,
0,9,4,512,192,false,
1,10,4,576,192,false,
1,11,4,640,192,false,
1,12,4,704,192,false,
0,13,4,768,192,false,
1,14,4,832,192,false,
1,15,4,896,192,false,
1,16,4,960,192,false,
1,17,4,1024,192,false,
1,18,4,1088,192,false,
0,19,4,1152,192,false,
1,20,4,1216,192,false,
1,21,4,1280,192,false,
1,22,4,1344,192,false,
0,23,4,1408,192,false,
1,24,4,1472,192,false,
1,25,4,1536,192,false,
1,26,4,1600,192,false,
0,27,4,1664,192,false,
1,28,4,1728,192,false,
1,29,4,1792,192,false,
1,30,4,1856,192,false,
1,31,4,1920,192,false,
0,32,4,1984,192,false,
0,1,5,0,256,false,
1,2,5,64,256,false,
0,3,5,128,256,false,
0,4,5,192,256,false,
0,5,5,256,256,false,
1,6,5,320,256,false,
0,7,5,384,256,false,
1,8,5,448,256,false,
0,9,5,512,256,false,
0,10,5,576,256,false,
0,11,5,640,256,false,
0,12,5,704,256,false,
0,13,5,768,256,false,
1,14,5,832,256,false,
0,15,5,896,256,false,
1,16,5,960,256,false,
1,17,5,1024,256,false,
1,18,5,1088,256,false,
0,19,5,1152,256,false,
0,20,5,1216,256,false,
0,21,5,1280,256,false,
1,22,5,1344,256,false,
0,23,5,1408,256,false,
1,24,5,1472,256,false,
1,25,5,1536,256,false,
1,26,5,1600,256,false,
0,27,5,1664,256,false,
1,28,5,1728,256,false,
1,29,5,1792,256,false,
1,30,5,1856,256,false,
1,31,5,1920,256,false,
0,32,5,1984,256,false,
0,1,6,0,320,false,
1,2,6,64,320,false,
0,3,6,128,320,false,
1,4,6,192,320,false,
1,5,6,256,320,false,
1,6,6,320,320,false,
1,7,6,384,320,false,
1,8,6,448,320,false,
1,9,6,512,320,false,
1,10,6,576,320,false,
1,11,6,640,320,false,
0,12,6,704,320,false,
1,13,6,768,320,false,
1,14,6,832,320,false,
0,15,6,896,320,false,
1,16,6,960,320,false,
0,17,6,1024,320,false,
1,18,6,1088,320,false,
1,19,6,1152,320,false,
1,20,6,1216,320,false,
1,21,6,1280,320,false,
1,22,6,1344,320,false,
1,23,6,1408,320,false,
1,24,6,1472,320,false,
1,25,6,1536,320,false,
1,26,6,1600,320,false,
0,27,6,1664,320,false,
1,28,6,1728,320,false,
1,29,6,1792,320,false,
1,30,6,1856,320,false,
1,31,6,1920,320,false,
0,32,6,1984,320,false,
0,1,7,0,384,false,
1,2,7,64,384,false,
0,3,7,128,384,false,
0,4,7,192,384,false,
1,5,7,256,384,false,
1,6,7,320,384,false,
0,7,7,384,384,false,
1,8,7,448,384,false,
0,9,7,512,384,false,
0,10,7,576,384,false,
1,11,7,640,384,false,
0,12,7,704,384,false,
1,13,7,768,384,false,
1,14,7,832,384,false,
1,15,7,896,384,false,
1,16,7,960,384,false,
1,17,7,1024,384,false,
1,18,7,1088,384,false,
0,19,7,1152,384,false,
0,20,7,1216,384,false,
0,21,7,1280,384,false,
1,22,7,1344,384,false,
0,23,7,1408,384,false,
0,24,7,1472,384,false,
0,25,7,1536,384,false,
0,26,7,1600,384,false,
0,27,7,1664,384,false,
0,28,7,1728,384,false,
1,29,7,1792,384,false,
1,30,7,1856,384,false,
1,31,7,1920,384,false,
0,32,7,1984,384,false,
0,1,8,0,448,false,
1,2,8,64,448,false,
1,3,8,128,448,false,
1,4,8,192,448,false,
0,5,8,256,448,false,
1,6,8,320,448,false,
1,7,8,384,448,false,
1,8,8,448,448,false,
1,9,8,512,448,false,
1,10,8,576,448,false,
1,11,8,640,448,false,
0,12,8,704,448,false,
1,13,8,768,448,false,
1,14,8,832,448,false,
1,15,8,896,448,false,
1,16,8,960,448,false,
1,17,8,1024,448,false,
1,18,8,1088,448,false,
1,19,8,1152,448,false,
1,20,8,1216,448,false,
0,21,8,1280,448,false,
1,22,8,1344,448,false,
1,23,8,1408,448,false,
1,24,8,1472,448,false,
1,25,8,1536,448,false,
1,26,8,1600,448,false,
1,27,8,1664,448,false,
1,28,8,1728,448,false,
1,29,8,1792,448,false,
1,30,8,1856,448,false,
1,31,8,1920,448,false,
0,32,8,1984,448,false,
0,1,9,0,512,false,
1,2,9,64,512,false,
0,3,9,128,512,false,
1,4,9,192,512,false,
1,5,9,256,512,false,
1,6,9,320,512,false,
0,7,9,384,512,false,
1,8,9,448,512,false,
1,9,9,512,512,false,
0,10,9,576,512,false,
0,11,9,640,512,false,
0,12,9,704,512,false,
1,13,9,768,512,false,
0,14,9,832,512,false,
0,15,9,896,512,false,
0,16,9,960,512,false,
0,17,9,1024,512,false,
0,18,9,1088,512,false,
0,19,9,1152,512,false,
0,20,9,1216,512,false,
0,21,9,1280,512,false,
0,22,9,1344,512,false,
0,23,9,1408,512,false,
0,24,9,1472,512,false,
1,25,9,1536,512,false,
1,26,9,1600,512,false,
1,27,9,1664,512,false,
1,28,9,1728,512,false,
1,29,9,1792,512,false,
1,30,9,1856,512,false,
1,31,9,1920,512,false,
0,32,9,1984,512,false,
0,1,10,0,576,false,
1,2,10,64,576,true,
0,3,10,128,576,false,
1,4,10,192,576,false,
1,5,10,256,576,false,
1,6,10,320,576,false,
1,7,10,384,576,false,
1,8,10,448,576,false,
1,9,10,512,576,false,
1,10,10,576,576,false,
1,11,10,640,576,false,
1,12,10,704,576,false,
1,13,10,768,576,false,
1,14,10,832,576,false,
1,15,10,896,576,false,
1,16,10,960,576,false,
1,17,10,1024,576,false,
1,18,10,1088,576,false,
1,19,10,1152,576,false,
1,20,10,1216,576,false,
1,21,10,1280,576,false,
1,22,10,1344,576,false,
1,23,10,1408,576,false,
0,24,10,1472,576,false,
1,25,10,1536,576,false,
1,26,10,1600,576,false,
0,27,10,1664,576,false,
1,28,10,1728,576,false,
1,29,10,1792,576,false,
1,30,10,1856,576,false,
1,31,10,1920,576,false,
0,32,10,1984,576,false,
0,1,11,0,640,false,
0,2,11,64,640,false,
0,3,11,128,640,false,
0,4,11,192,640,false,
0,5,11,256,640,false,
0,6,11,320,640,false,
0,7,11,384,640,false,
0,8,11,448,640,false,
0,9,11,512,640,false,
0,10,11,576,640,false,
0,11,11,640,640,false,
0,12,11,704,640,false,
0,13,11,768,640,false,
0,14,11,832,640,false,
0,15,11,896,640,false,
0,16,11,960,640,false,
0,17,11,1024,640,false,
0,18,11,1088,640,false,
0,19,11,1152,640,false,
0,20,11,1216,640,false,
0,21,11,1280,640,false,
0,22,11,1344,640,false,
0,23,11,1408,640,false,
0,24,11,1472,640,false,
0,25,11,1536,640,false,
0,26,11,1600,640,false,
0,27,11,1664,640,false,
0,28,11,1728,640,false,
1,29,11,1792,640,false,
1,30,11,1856,640,false,
1,31,11,1920,640,false,
0,32,11,1984,640,false,
0,1,12,0,704,false,
0,2,12,64,704,false,
0,3,12,128,704,false,
0,4,12,192,704,false,
0,5,12,256,704,false,
0,6,12,320,704,false,
0,7,12,384,704,false,
0,8,12,448,704,false,
0,9,12,512,704,false,
0,10,12,576,704,false,
0,11,12,640,704,false,
0,12,12,704,704,false,
0,13,12,768,704,false,
0,14,12,832,704,false,
0,15,12,896,704,false,
0,16,12,960,704,false,
0,17,12,1024,704,false,
0,18,12,1088,704,false,
0,19,12,1152,704,false,
0,20,12,1216,704,false,
0,21,12,1280,704,false,
0,22,12,1344,704,false,
0,23,12,1408,704,false,
0,24,12,1472,704,false,
0,25,12,1536,704,false,
0,26,12,1600,704,false,
0,27,12,1664,704,false,
0,28,12,1728,704,false,
1,29,12,1792,704,false,
1,30,12,1856,704,false,
1,31,12,1920,704,false,
0,32,12,1984,704,false,
0,1,13,0,768,false,
0,2,13,64,768,false,
0,3,13,128,768,false,
0,4,13,192,768,false,
0,5,13,256,768,false,
0,6,13,320,768,false,
0,7,13,384,768,false,
0,8,13,448,768,false,
0,9,13,512,768,false,
0,10,13,576,768,false,
0,11,13,640,768,false,
0,12,13,704,768,false,
0,13,13,768,768,false,
0,14,13,832,768,false,
0,15,13,896,768,false,
0,16,13,960,768,false,
0,17,13,1024,768,false,
0,18,13,1088,768,false,
0,19,13,1152,768,false,
0,20,13,1216,768,false,
0,21,13,1280,768,false,
0,22,13,1344,768,false,
0,23,13,1408,768,false,
0,24,13,1472,768,false,
0,25,13,1536,768,false,
0,26,13,1600,768,false,
0,27,13,1664,768,false,
0,28,13,1728,768,false,
1,29,13,1792,768,false,
1,30,13,1856,768,false,
1,31,13,1920,768,false,
0,32,13,1984,768,false,
0,1,14,0,832,false,
1,2,14,64,832,false,
1,3,14,128,832,false,
1,4,14,192,832,false,
1,5,14,256,832,false,
1,6,14,320,832,false,
1,7,14,384,832,false,
1,8,14,448,832,false,
1,9,14,512,832,false,
1,10,14,576,832,false,
1,11,14,640,832,false,
1,12,14,704,832,false,
1,13,14,768,832,false,
1,14,14,832,832,false,
1,15,14,896,832,false,
1,16,14,960,832,false,
1,17,14,1024,832,false,
1,18,14,1088,832,false,
1,19,14,1152,832,false,
1,20,14,1216,832,false,
1,21,14,1280,832,false,
1,22,14,1344,832,false,
1,23,14,1408,832,false,
1,24,14,1472,832,false,
1,25,14,1536,832,false,
1,26,14,1600,832,false,
1,27,14,1664,832,false,
1,28,14,1728,832,false,
1,29,14,1792,832,false,
1,30,14,1856,832,false,
1,31,14,1920,832,false,
0,32,14,1984,832,false,
0,1,15,0,896,false,
1,2,15,64,896,false,
1,3,15,128,896,false,
1,4,15,192,896,false,
1,5,15,256,896,false,
1,6,15,320,896,false,
1,7,15,384,896,false,
1,8,15,448,896,false,
1,9,15,512,896,false,
1,10,15,576,896,false,
1,11,15,640,896,false,
1,12,15,704,896,false,
1,13,15,768,896,false,
1,14,15,832,896,false,
1,15,15,896,896,false,
1,16,15,960,896,false,
1,17,15,1024,896,false,
1,18,15,1088,896,false,
1,19,15,1152,896,false,
1,20,15,1216,896,false,
1,21,15,1280,896,false,
1,22,15,1344,896,false,
1,23,15,1408,896,false,
1,24,15,1472,896,false,
1,25,15,1536,896,false,
1,26,15,1600,896,false,
1,27,15,1664,896,false,
1,28,15,1728,896,false,
1,29,15,1792,896,false,
1,30,15,1856,896,false,
1,31,15,1920,896,false,
0,32,15,1984,896,false,
0,1,16,0,960,false,
1,2,16,64,960,false,
1,3,16,128,960,false,
1,4,16,192,960,false,
1,5,16,256,960,false,
1,6,16,320,960,false,
1,7,16,384,960,false,
1,8,16,448,960,false,
1,9,16,512,960,false,
1,10,16,576,960,false,
1,11,16,640,960,false,
1,12,16,704,960,false,
1,13,16,768,960,false,
1,14,16,832,960,false,
1,15,16,896,960,false,
1,16,16,960,960,false,
1,17,16,1024,960,false,
1,18,16,1088,960,false,
1,19,16,1152,960,false,
1,20,16,1216,960,false,
1,21,16,1280,960,false,
1,22,16,1344,960,false,
1,23,16,1408,960,false,
1,24,16,1472,960,false,
1,25,16,1536,960,false,
1,26,16,1600,960,false,
1,27,16,1664,960,false,
1,28,16,1728,960,false,
1,29,16,1792,960,false,
1,30,16,1856,960,false,
1,31,16,1920,960,true,8318119801_this
0,32,16,1984,960,false,
0,1,17,0,1024,false,
1,2,17,64,1024,false,
1,3,17,128,1024,false,
0,4,17,192,1024,false,
0,5,17,256,1024,false,
0,6,17,320,1024,false,
0,7,17,384,1024,false,
0,8,17,448,1024,false,
0,9,17,512,1024,false,
0,10,17,576,1024,false,
0,11,17,640,1024,false,
0,12,17,704,1024,false,
0,13,17,768,1024,false,
0,14,17,832,1024,false,
0,15,17,896,1024,false,
0,16,17,960,1024,false,
0,17,17,1024,1024,false,
0,18,17,1088,1024,false,
0,19,17,1152,1024,false,
0,20,17,1216,1024,false,
0,21,17,1280,1024,false,
0,22,17,1344,1024,false,
0,23,17,1408,1024,false,
0,24,17,1472,1024,false,
0,25,17,1536,1024,false,
0,26,17,1600,1024,false,
0,27,17,1664,1024,false,
0,28,17,1728,1024,false,
0,29,17,1792,1024,false,
0,30,17,1856,1024,false,
0,31,17,1920,1024,false,
0,32,17,1984,1024,false,
0,1,18,0,1088,false,
1,2,18,64,1088,false,
1,3,18,128,1088,false,
0,4,18,192,1088,false,
0,5,18,256,1088,false,
0,6,18,320,1088,false,
0,7,18,384,1088,false,
0,8,18,448,1088,false,
0,9,18,512,1088,false,
0,10,18,576,1088,false,
0,11,18,640,1088,false,
0,12,18,704,1088,false,
0,13,18,768,1088,false,
0,14,18,832,1088,false,
0,15,18,896,1088,false,
0,16,18,960,1088,false,
0,17,18,1024,1088,false,
0,18,18,1088,1088,false,
0,19,18,1152,1088,false,
0,20,18,1216,1088,false,
0,21,18,1280,1088,false,
0,22,18,1344,1088,false,
0,23,18,1408,1088,false,
0,24,18,1472,1088,false,
0,25,18,1536,1088,false,
0,26,18,1600,1088,false,
0,27,18,1664,1088,false,
0,28,18,1728,1088,false,
0,29,18,1792,1088,false,
0,30,18,1856,1088,false,
0,31,18,1920,1088,false,
0,32,18,1984,1088,false,
0,1,19,0,1152,false,
1,2,19,64,1152,false,
1,3,19,128,1152,false,
0,4,19,192,1152,false,
0,5,19,256,1152,false,
0,6,19,320,1152,false,
0,7,19,384,1152,false,
0,8,19,448,1152,false,
0,9,19,512,1152,false,
0,10,19,576,1152,false,
0,11,19,640,1152,false,
0,12,19,704,1152,false,
0,13,19,768,1152,false,
0,14,19,832,1152,false,
0,15,19,896,1152,false,
0,16,19,960,1152,false,
0,17,19,1024,1152,false,
0,18,19,1088,1152,false,
0,19,19,1152,1152,false,
0,20,19,1216,1152,false,
0,21,19,1280,1152,false,
0,22,19,1344,1152,false,
0,23,19,1408,1152,false,
0,24,19,1472,1152,false,
0,25,19,1536,1152,false,
0,26,19,1600,1152,false,
0,27,19,1664,1152,false,
0,28,19,1728,1152,false,
0,29,19,1792,1152,false,
0,30,19,1856,1152,false,
0,31,19,1920,1152,false,
0,32,19,1984,1152,false,
0,1,20,0,1216,false,
1,2,20,64,1216,false,
1,3,20,128,1216,false,
0,4,20,192,1216,false,
0,5,20,256,1216,false,
0,6,20,320,1216,false,
0,7,20,384,1216,false,
0,8,20,448,1216,false,
0,9,20,512,1216,false,
0,10,20,576,1216,false,
0,11,20,640,1216,false,
0,12,20,704,1216,false,
0,13,20,768,1216,false,
0,14,20,832,1216,false,
0,15,20,896,1216,false,
0,16,20,960,1216,false,
0,17,20,1024,1216,false,
0,18,20,1088,1216,false,
0,19,20,1152,1216,false,
0,20,20,1216,1216,false,
0,21,20,1280,1216,false,
0,22,20,1344,1216,false,
0,23,20,1408,1216,false,
0,24,20,1472,1216,false,
0,25,20,1536,1216,false,
0,26,20,1600,1216,false,
0,27,20,1664,1216,false,
0,28,20,1728,1216,false,
0,29,20,1792,1216,false,
0,30,20,1856,1216,false,
0,31,20,1920,1216,false,
0,32,20,1984,1216,false,
0,1,21,0,1280,false,
1,2,21,64,1280,false,
1,3,21,128,1280,false,
0,4,21,192,1280,false,
0,5,21,256,1280,false,
0,6,21,320,1280,false,
0,7,21,384,1280,false,
0,8,21,448,1280,false,
0,9,21,512,1280,false,
0,10,21,576,1280,false,
0,11,21,640,1280,false,
0,12,21,704,1280,false,
0,13,21,768,1280,false,
0,14,21,832,1280,false,
0,15,21,896,1280,false,
0,16,21,960,1280,false,
0,17,21,1024,1280,false,
0,18,21,1088,1280,false,
0,19,21,1152,1280,false,
0,20,21,1216,1280,false,
0,21,21,1280,1280,false,
0,22,21,1344,1280,false,
0,23,21,1408,1280,false,
0,24,21,1472,1280,false,
0,25,21,1536,1280,false,
0,26,21,1600,1280,false,
0,27,21,1664,1280,false,
0,28,21,1728,1280,false,
0,29,21,1792,1280,false,
0,30,21,1856,1280,false,
0,31,21,1920,1280,false,
0,32,21,1984,1280,false,
0,1,22,0,1344,false,
1,2,22,64,1344,false,
1,3,22,128,1344,false,
1,4,22,192,1344,false,
1,5,22,256,1344,false,
1,6,22,320,1344,false,
1,7,22,384,1344,false,
1,8,22,448,1344,false,
1,9,22,512,1344,false,
1,10,22,576,1344,false,
1,11,22,640,1344,false,
1,12,22,704,1344,false,
1,13,22,768,1344,false,
1,14,22,832,1344,false,
1,15,22,896,1344,false,
1,16,22,960,1344,false,
1,17,22,1024,1344,false,
1,18,22,1088,1344,false,
1,19,22,1152,1344,false,
1,20,22,1216,1344,false,
1,21,22,1280,1344,false,
1,22,22,1344,1344,false,
1,23,22,1408,1344,false,
1,24,22,1472,1344,false,
1,25,22,1536,1344,false,
1,26,22,1600,1344,false,
1,27,22,1664,1344,false,
1,28,22,1728,1344,false,
1,29,22,1792,1344,false,
1,30,22,1856,1344,true,666497764_this
0,31,22,1920,1344,false,
0,32,22,1984,1344,false,
0,1,23,0,1408,false,
1,2,23,64,1408,false,
1,3,23,128,1408,false,
1,4,23,192,1408,false,
1,5,23,256,1408,false,
1,6,23,320,1408,false,
1,7,23,384,1408,false,
1,8,23,448,1408,false,
1,9,23,512,1408,false,
1,10,23,576,1408,false,
1,11,23,640,1408,false,
1,12,23,704,1408,false,
1,13,23,768,1408,false,
1,14,23,832,1408,false,
1,15,23,896,1408,false,
1,16,23,960,1408,false,
1,17,23,1024,1408,false,
1,18,23,1088,1408,false,
1,19,23,1152,1408,false,
1,20,23,1216,1408,false,
1,21,23,1280,1408,false,
1,22,23,1344,1408,false,
1,23,23,1408,1408,false,
1,24,23,1472,1408,false,
1,25,23,1536,1408,false,
1,26,23,1600,1408,false,
1,27,23,1664,1408,false,
1,28,23,1728,1408,false,
1,29,23,1792,1408,false,
1,30,23,1856,1408,false,
0,31,23,1920,1408,false,
0,32,23,1984,1408,false,
0,1,24,0,1472,false,
1,2,24,64,1472,false,
1,3,24,128,1472,false,
1,4,24,192,1472,false,
1,5,24,256,1472,false,
1,6,24,320,1472,false,
1,7,24,384,1472,false,
1,8,24,448,1472,false,
1,9,24,512,1472,false,
1,10,24,576,1472,false,
1,11,24,640,1472,false,
1,12,24,704,1472,false,
1,13,24,768,1472,false,
1,14,24,832,1472,false,
1,15,24,896,1472,false,
1,16,24,960,1472,false,
1,17,24,1024,1472,false,
1,18,24,1088,1472,false,
1,19,24,1152,1472,false,
1,20,24,1216,1472,false,
1,21,24,1280,1472,false,
1,22,24,1344,1472,false,
1,23,24,1408,1472,false,
1,24,24,1472,1472,false,
1,25,24,1536,1472,false,
1,26,24,1600,1472,false,
1,27,24,1664,1472,false,
1,28,24,1728,1472,false,
1,29,24,1792,1472,false,
1,30,24,1856,1472,false,
0,31,24,1920,1472,false,
0,32,24,1984,1472,false,
0,1,25,0,1536,false,
1,2,25,64,1536,false,
1,3,25,128,1536,false,
1,4,25,192,1536,false,
1,5,25,256,1536,false,
1,6,25,320,1536,false,
1,7,25,384,1536,false,
1,8,25,448,1536,false,
1,9,25,512,1536,false,
1,10,25,576,1536,false,
1,11,25,640,1536,false,
1,12,25,704,1536,false,
1,13,25,768,1536,false,
1,14,25,832,1536,false,
1,15,25,896,1536,false,
1,16,25,960,1536,false,
1,17,25,1024,1536,false,
1,18,25,1088,1536,false,
1,19,25,1152,1536,false,
1,20,25,1216,1536,false,
1,21,25,1280,1536,false,
1,22,25,1344,1536,false,
1,23,25,1408,1536,false,
1,24,25,1472,1536,false,
1,25,25,1536,1536,false,
1,26,25,1600,1536,false,
1,27,25,1664,1536,false,
1,28,25,1728,1536,false,
1,29,25,1792,1536,false,
1,30,25,1856,1536,false,
0,31,25,1920,1536,false,
0,32,25,1984,1536,false,
0,1,26,0,1600,false,
1,2,26,64,1600,false,
1,3,26,128,1600,false,
1,4,26,192,1600,false,
1,5,26,256,1600,false,
1,6,26,320,1600,false,
1,7,26,384,1600,false,
1,8,26,448,1600,false,
1,9,26,512,1600,false,
1,10,26,576,1600,false,
1,11,26,640,1600,false,
1,12,26,704,1600,false,
1,13,26,768,1600,false,
1,14,26,832,1600,false,
1,15,26,896,1600,false,
1,16,26,960,1600,false,
1,17,26,1024,1600,false,
1,18,26,1088,1600,false,
1,19,26,1152,1600,false,
1,20,26,1216,1600,false,
1,21,26,1280,1600,false,
1,22,26,1344,1600,false,
1,23,26,1408,1600,false,
1,24,26,1472,1600,false,
1,25,26,1536,1600,false,
1,26,26,1600,1600,false,
1,27,26,1664,1600,false,
1,28,26,1728,1600,false,
1,29,26,1792,1600,false,
1,30,26,1856,1600,false,
0,31,26,1920,1600,false,
0,32,26,1984,1600,false,
0,1,27,0,1664,false,
0,2,27,64,1664,false,
0,3,27,128,1664,false,
0,4,27,192,1664,false,
0,5,27,256,1664,false,
0,6,27,320,1664,false,
0,7,27,384,1664,false,
0,8,27,448,1664,false,
0,9,27,512,1664,false,
0,10,27,576,1664,false,
0,11,27,640,1664,false,
0,12,27,704,1664,false,
0,13,27,768,1664,false,
0,14,27,832,1664,false,
0,15,27,896,1664,false,
0,16,27,960,1664,false,
0,17,27,1024,1664,false,
0,18,27,1088,1664,false,
0,19,27,1152,1664,false,
0,20,27,1216,1664,false,
0,21,27,1280,1664,false,
0,22,27,1344,1664,false,
0,23,27,1408,1664,false,
0,24,27,1472,1664,false,
0,25,27,1536,1664,false,
0,26,27,1600,1664,false,
0,27,27,1664,1664,false,
0,28,27,1728,1664,false,
0,29,27,1792,1664,false,
1,30,27,1856,1664,false,
0,31,27,1920,1664,false,
0,32,27,1984,1664,false,
0,1,28,0,1728,false,
1,2,28,64,1728,false,
1,3,28,128,1728,false,
1,4,28,192,1728,false,
1,5,28,256,1728,false,
1,6,28,320,1728,false,
1,7,28,384,1728,false,
0,8,28,448,1728,false,
0,9,28,512,1728,false,
0,10,28,576,1728,false,
0,11,28,640,1728,false,
0,12,28,704,1728,false,
0,13,28,768,1728,false,
0,14,28,832,1728,false,
0,15,28,896,1728,false,
0,16,28,960,1728,false,
0,17,28,1024,1728,false,
0,18,28,1088,1728,false,
0,19,28,1152,1728,false,
0,20,28,1216,1728,false,
0,21,28,1280,1728,false,
0,22,28,1344,1728,false,
0,23,28,1408,1728,false,
0,24,28,1472,1728,false,
0,25,28,1536,1728,false,
0,26,28,1600,1728,false,
0,27,28,1664,1728,false,
0,28,28,1728,1728,false,
0,29,28,1792,1728,false,
1,30,28,1856,1728,false,
0,31,28,1920,1728,false,
0,32,28,1984,1728,false,
0,1,29,0,1792,false,
0,2,29,64,1792,false,
1,3,29,128,1792,false,
0,4,29,192,1792,false,
0,5,29,256,1792,false,
0,6,29,320,1792,false,
0,7,29,384,1792,false,
0,8,29,448,1792,false,
0,9,29,512,1792,false,
0,10,29,576,1792,false,
0,11,29,640,1792,false,
0,12,29,704,1792,false,
0,13,29,768,1792,false,
0,14,29,832,1792,false,
0,15,29,896,1792,false,
0,16,29,960,1792,false,
0,17,29,1024,1792,false,
0,18,29,1088,1792,false,
0,19,29,1152,1792,false,
0,20,29,1216,1792,false,
0,21,29,1280,1792,false,
0,22,29,1344,1792,false,
0,23,29,1408,1792,false,
0,24,29,1472,1792,false,
0,25,29,1536,1792,false,
0,26,29,1600,1792,false,
0,27,29,1664,1792,false,
0,28,29,1728,1792,false,
0,29,29,1792,1792,false,
1,30,29,1856,1792,false,
0,31,29,1920,1792,false,
0,32,29,1984,1792,false,
0,1,30,0,1856,false,
1,2,30,64,1856,false,
1,3,30,128,1856,false,
1,4,30,192,1856,false,
1,5,30,256,1856,false,
1,6,30,320,1856,false,
1,7,30,384,1856,false,
1,8,30,448,1856,false,
1,9,30,512,1856,false,
1,10,30,576,1856,false,
1,11,30,640,1856,false,
1,12,30,704,1856,false,
1,13,30,768,1856,false,
1,14,30,832,1856,false,
1,15,30,896,1856,false,
1,16,30,960,1856,false,
1,17,30,1024,1856,false,
1,18,30,1088,1856,false,
1,19,30,1152,1856,false,
1,20,30,1216,1856,false,
1,21,30,1280,1856,false,
1,22,30,1344,1856,false,
1,23,30,1408,1856,false,
1,24,30,1472,1856,false,
1,25,30,1536,1856,false,
1,26,30,1600,1856,false,
1,27,30,1664,1856,false,
1,28,30,1728,1856,false,
1,29,30,1792,1856,false,
1,30,30,1856,1856,false,
0,31,30,1920,1856,false,
0,32,30,1984,1856,false,
0,1,31,0,1920,false,
1,2,31,64,1920,true,
1,3,31,128,1920,false,
1,4,31,192,1920,false,
1,5,31,256,1920,false,
1,6,31,320,1920,false,
1,7,31,384,1920,false,
1,8,31,448,1920,false,
1,9,31,512,1920,false,
1,10,31,576,1920,false,
1,11,31,640,1920,false,
1,12,31,704,1920,false,
1,13,31,768,1920,false,
1,14,31,832,1920,false,
1,15,31,896,1920,false,
1,16,31,960,1920,false,
1,17,31,1024,1920,false,
1,18,31,1088,1920,false,
1,19,31,1152,1920,false,
1,20,31,1216,1920,false,
1,21,31,1280,1920,false,
1,22,31,1344,1920,false,
1,23,31,1408,1920,false,
1,24,31,1472,1920,false,
1,25,31,1536,1920,false,
1,26,31,1600,1920,false,
1,27,31,1664,1920,false,
1,28,31,1728,1920,false,
1,29,31,1792,1920,false,
1,30,31,1856,1920,false,
0,31,31,1920,1920,false,
0,32,31,1984,1920,false,
0,1,32,0,1984,false,
0,2,32,64,1984,false,
0,3,32,128,1984,false,
0,4,32,192,1984,false,
0,5,32,256,1984,false,
0,6,32,320,1984,false,
0,7,32,384,1984,false,
0,8,32,448,1984,false,
0,9,32,512,1984,false,
0,10,32,576,1984,false,
0,11,32,640,1984,false,
0,12,32,704,1984,false,
0,13,32,768,1984,false,
0,14,32,832,1984,false,
0,15,32,896,1984,false,
0,16,32,960,1984,false,
0,17,32,1024,1984,false,
0,18,32,1088,1984,false,
0,19,32,1152,1984,false,
0,20,32,1216,1984,false,
0,21,32,1280,1984,false,
0,22,32,1344,1984,false,
0,23,32,1408,1984,false,
0,24,32,1472,1984,false,
0,25,32,1536,1984,false,
0,26,32,1600,1984,false,
0,27,32,1664,1984,false,
0,28,32,1728,1984,false,
0,29,32,1792,1984,false,
0,30,32,1856,1984,false,
0,31,32,1920,1984,false,
0,32,32,1984,1984,false,
####################################
409.18696828231,1756.8905838533,ammo_9mm
90.284536453721,1752.2807268596,can
1582.5580392586,119.31392868441,can
1530.5580392586,168.31392868441,can
1597.5580392586,193.31392868441,can
1522.5580392586,244.31392868441,can
1552.5580392586,292.31392868441,can
1552.5580392586,292.31392868441,can
1590.5580392586,326.31392868441,can
1601.5580392586,252.31392868441,can
341.70817441434,1763.1107200047,ammo_9mm
268.70817441434,1750.1107200047,ammo_9mm
####################################
756.21710032386,1530.8970674926
1068.5646088465,1567.7293646905
1397.6950229856,1548.0801555452
1743.2415735333,1434.8075677493
811.7342093091,960.0351449671
627.5905767733,897.12469318357
1030.5830225927,893.02722979006
1708.6429182198,985.42996473848
623.33764288265,158.12621371258
881.11534770449,148.94827173279
273.43115343532,445.65157819293
266.7108048921,423.74926420128
265.09376410003,378.41516224128
419.74146416446,580.8029482626
284.6214674637,434.01323458542
262.57178776675,425.52151369115
485.7849174188,328.75802287834
190.35693372932,96.000044401986
101.5863258022,287.43574671466
287.28085397758,224.1981780538
274.92587292063,441.46561189648
248.93118287573,473.5197885512
257.16746517939,379.346086702
841.82800775193,397.12568234574
1262.6346839671,190.4898699413
1089.8086426669,352.13189323765
1080.4486366086,432.41988096367
1098.1286550503,391.28803115279
1477.6115277156,122.44729469954
1528.0110861481,127.0377451784
1304.6042106087,607.99999999995
551.52942229849,572.63892006341
####################################
####################################
####################################
